"e" "j" "x"
"and" 10.6609808102345 16.452442159383 7.22713864306785
"the" 9.3816631130064 8.22622107969152 7.22713864306785
"of" 3.19829424307036 4.37017994858612 5.01474926253687
"he" 0.852878464818763 2.31362467866324 0.589970501474926
"a" 1.70575692963753 1.79948586118252 0.737463126843658
"god" 0.639658848614073 0.51413881748072 0
"unto" 1.06609808102345 1.02827763496144 2.06489675516224
"his" 0.852878464818763 2.5706940874036 0.294985250737463
"in" 0.213219616204691 0.77120822622108 1.17994100294985
"to" 2.13219616204691 0.51413881748072 1.62241887905605
"was" 0.426439232409382 1.54241645244216 0.589970501474926
"said" 1.70575692963753 0.77120822622108 0.589970501474926
"thou" 0 0.51413881748072 0
"jehovah" 0 0.77120822622108 2.21238938053097
"it" 1.91897654584222 0.51413881748072 0
"that" 0.852878464818763 0.51413881748072 1.03244837758112
"begat" 0 0.77120822622108 0
"for" 1.06609808102345 0 1.76991150442478
"man" 0.213219616204691 0 0.442477876106195
"years" 0 0.51413881748072 0.294985250737463
"him" 1.91897654584222 0.51413881748072 0.442477876106195
"is" 0.426439232409382 0.77120822622108 0.589970501474926
"hundred" 0 0.51413881748072 0
"i" 0.639658848614073 0 0.294985250737463
"shall" 1.06609808102345 0.25706940874036 1.03244837758112
"thy" 0.213219616204691 0 0.737463126843658
"she" 2.55863539445629 0 0
"all" 0.213219616204691 0.25706940874036 0.442477876106195
"be" 0.639658848614073 1.79948586118252 0.884955752212389
"not" 0.639658848614073 0.25706940874036 0.884955752212389
"were" 0 1.2853470437018 0
"eat" 0 0 0
"lived" 0 0.25706940874036 0
"me" 0.213219616204691 0 0.147492625368732
"name" 0.639658848614073 0 0
"cain" 0 0 0
"had" 0.213219616204691 0.25706940874036 0.442477876106195
"son" 0.852878464818763 0.25706940874036 0.294985250737463
"ground" 0 0 0
"which" 0 0 0.737463126843658
"from" 0 0.77120822622108 0.737463126843658
"tree" 0 0 0
"called" 0.639658848614073 0 0
"days" 0 0.25706940874036 0
"garden" 0 0 0
"her" 1.06609808102345 0 0
"shalt" 0 0 0
"this" 0.639658848614073 0 0.737463126843658
"will" 0.213219616204691 0 1.91740412979351
"made" 0.213219616204691 0 0.147492625368732
"up" 0 0 0.442477876106195
"abraham" 0 0 0.147492625368732
"after" 0 0.25706940874036 0.147492625368732
"because" 0.639658848614073 0 0.589970501474926
"day" 0 0 0.147492625368732
"thee" 0.639658848614073 0 0
"woman" 0.426439232409382 0 0
"every" 0.426439232409382 0 0.442477876106195
"lamech" 0 0 0
"on" 0.213219616204691 0 0.294985250737463
"out" 0.213219616204691 0.25706940874036 0.589970501474926
"with" 0.639658848614073 0 0.147492625368732
"daughters" 0 0 0
"earth" 0 0.51413881748072 0
"enoch" 0 0 0
"five" 0 0 0
"good" 0 0 0
"my" 0 0 0.294985250737463
"sons" 0 0.51413881748072 0
"they" 0.213219616204691 0.25706940874036 1.17994100294985
"voice" 0 0 0
"wife" 0.213219616204691 0 0
"abel" 0 0 0
"adam" 0 0 0
"also" 0 0 0
"as" 0.426439232409382 0.51413881748072 0.294985250737463
"bare" 0.213219616204691 0 0
"brother" 0 0 0
"died" 0 0.25706940874036 0
"eight" 0 0 0
"field" 0 0 0
"one" 0.426439232409382 0.25706940874036 0
"s" 1.27931769722815 0.25706940874036 0.294985250737463
"sarah" 0 0 0
"there" 0.213219616204691 0 0.147492625368732
"took" 0.639658848614073 0.25706940874036 0
"ye" 1.06609808102345 0 1.47492625368732
"but" 0.639658848614073 0 0.442477876106195
"hast" 0 0 0
"hath" 0 0 0.442477876106195
"nine" 0 0.25706940874036 0
"put" 0.213219616204691 0 0
"seth" 0 0 0
"them" 1.06609808102345 0 1.17994100294985
"upon" 0.213219616204691 0.25706940874036 0
"when" 0.639658848614073 0 0.442477876106195
"eden" 0 0 0
"enosh" 0 0 0
"gave" 0 0 0
"have" 0.426439232409382 0 1.03244837758112
"isaac" 0 0 0.147492625368732
"life" 0 0 0
"sixty" 0 0 0
"thereof" 0 0 0
"art" 0 0 0
"created" 0 0 0
"did" 0.213219616204691 0 0.147492625368732
"jared" 0 0 0
"kenan" 0 0 0
"lad" 0 0 0
"mahalalel" 0 0 0
"methuselah" 0 0 0
"old" 0 0 0.147492625368732
"seed" 0 0 0
"serpent" 0 0 0
"set" 0 0 0
"seven" 0 0 0
"taken" 0 0 0
"two" 0 0.25706940874036 0
"water" 0.213219616204691 0 0
"went" 0.426439232409382 1.02827763496144 0.147492625368732
"beast" 0 0 0
"behold" 0.213219616204691 0 0.442477876106195
"born" 0.213219616204691 0 0
"brought" 0.213219616204691 0 0.147492625368732
"child" 1.70575692963753 0 0
"commanded" 0.213219616204691 0 0
"cursed" 0 0.25706940874036 0
"dust" 0 0 0
"evil" 0 0 0.147492625368732
"eyes" 0 0 0
"face" 0 0 0
"father" 0 1.2853470437018 0
"flesh" 0 0 0
"forth" 0 0.77120822622108 0
"fruit" 0 0 0
"genesis" 0 0.25706940874036 0
"give" 0.213219616204691 0 0
"hagar" 0 0 0
"handmaid" 0.213219616204691 0 0
"heard" 0 0 0
"heaven" 0 0 0
"heavens" 0 0 0
"if" 0.426439232409382 0 0.737463126843658
"knew" 0 0.25706940874036 0
"land" 0 0.51413881748072 1.91740412979351
"make" 0 0 0
"naked" 0 0 0
"noah" 0 1.54241645244216 0
"now" 0 0 0.147492625368732
"opened" 0.213219616204691 0 0
"over" 0 0 0.589970501474926
"place" 0 0 0.442477876106195
"river" 0.639658848614073 0 0
"saying" 0.213219616204691 0 0.442477876106195
"way" 0 0 0
"what" 0.213219616204691 0.25706940874036 0
"where" 0 0 0
"whom" 0.213219616204691 0 0
"work" 0 0 0
"adah" 0 0 0
"again" 0 0 0.147492625368732
"against" 0 0 0.294985250737463
"any" 0 0 0
"at" 0.213219616204691 0 0
"bottle" 0 0 0
"bread" 0 0 0
"cattle" 0 0 0.884955752212389
"conceived" 0.213219616204691 0 0
"die" 0 0 0
"done" 0.426439232409382 0.25706940874036 0.147492625368732
"eighty" 0 0 0
"formed" 0 0 0
"g" 0 0.25706940874036 0
"hand" 0 0 0
"head" 0 0 0
"help" 0 0 0
"hid" 0.213219616204691 0 0
"house" 0.213219616204691 0 0
"its" 0 0 0
"keep" 0 0 0
"know" 0.213219616204691 0 0
"lest" 0 0 0
"living" 0 0 0
"ninety" 0 0 0
"offering" 0 0 0
"pass" 0.213219616204691 0 0.294985250737463
"rose" 0 0 0
"saw" 0.639658848614073 0.51413881748072 0.294985250737463
"sevenfold" 0 0 0
"seventh" 0 0 0
"seventy" 0 0 0
"should" 0 0 0.147492625368732
"sight" 0 0 0.294985250737463
"stone" 0 0 0
"surely" 0 0 0.147492625368732
"than" 0 0 0
"then" 0.639658848614073 0 0.147492625368732
"therefore" 0 0 0
"thirty" 0 0 0
"till" 0 0 0
"under" 0 0 0
"well" 0.213219616204691 0 0
"whole" 0 0.25706940874036 0
"wives" 0 0 0.147492625368732
"zillah" 0 0 0
"above" 0 0 0
"afraid" 0 0 0
"age" 0 0 0
"appointed" 0 0 0
"became" 0.213219616204691 0 0
"between" 0 0.25706940874036 0
"blessed" 0 0.25706940874036 0
"blood" 0 0 0
"borne" 0 0 0
"both" 0 0.25706940874036 0
"bring" 0 0 0.147492625368732
"bruise" 0 0 0
"call" 0.213219616204691 0 0
"came" 0.426439232409382 0 0.442477876106195
"cast" 0.213219616204691 0 0
"caused" 0 0 0
"children" 0.213219616204691 0 1.76991150442478
"city" 0 0.25706940874036 0
"come" 0.213219616204691 0 0
"compasseth" 0 0 0
"countenance" 0 0 0
"desire" 0 0 0
"doest" 0 0 0
"down" 0.213219616204691 0 0
"early" 0 0 0
"east" 0 0 0
"eaten" 0 0 0
"eve" 0 0 0
"finished" 0 0 0
"food" 0 0 0
"fugitive" 0 0 0
"generations" 0 0 0
"go" 0.426439232409382 0 0.589970501474926
"gold" 0 0 0
"great" 0 0.25706940874036 0.147492625368732
"grievous" 0 0 0
"hearken" 0 0 0
"herb" 0 0 0
"husband" 0 0 0
"instead" 0 0 0
"into" 0.213219616204691 0.25706940874036 0.294985250737463
"irad" 0 0 0
"jacob" 0 0 0.147492625368732
"keeper" 0 0 0
"knowledge" 0 0 0
"laugh" 0 0 0
"let" 0 0.77120822622108 0.147492625368732
"lifted" 0 0 0
"likeness" 0 0 0
"meet" 0 0 0
"mehujael" 0 0 0
"methushael" 0 0 0
"midst" 0 0 0
"morning" 0 0 0
"mother" 0.213219616204691 0 0
"nation" 0 0 0
"no" 0 0 0
"other" 0.213219616204691 0 0.147492625368732
"our" 0 0 1.32743362831858
"pain" 0 0 0
"pillar" 0 0 0
"presence" 0 0 0
"respect" 0 0 0
"rested" 0 0 0
"return" 0 0 0.294985250737463
"rule" 0 0 0
"same" 0 0.25706940874036 0
"sat" 0 0 0
"sent" 0.213219616204691 0 0.147492625368732
"sleep" 0 0 0
"slew" 0 0 0
"so" 0 0 0.147492625368732
"spoken" 0 0 0
"such" 0 0 0
"themselves" 0 0 0
"three" 0.213219616204691 0.51413881748072 0
"time" 0 0 0
"toil" 0 0 0
"told" 0 0.25706940874036 0
"top" 0 0 0
"trees" 0 0 0
"tubal-cain" 0 0 0
"us" 0 0 0.294985250737463
"very" 0.213219616204691 0 0.147492625368732
"walked" 0.213219616204691 0 0
"wanderer" 0 0 0
"wast" 0 0 0
"weaned" 0 0 0
"who" 0 0 0
"whosoever" 0 0 0
"why" 0.213219616204691 0 0
"would" 0.213219616204691 0 0
"wroth" 0 0 0
"yet" 0 0 0.294985250737463
"account" 0 0 0
"aileth" 0 0 0
"alone" 0 0 0
"am" 0 0 0
"amongst" 0 0 0
"an" 0.213219616204691 0 0.147492625368732
"angel" 0 0 0
"angels" 0 0 0
"another" 0 0 0
"aprons" 0 0 0
"are" 0.639658848614073 0 0.147492625368732
"arise" 0 0 0
"ascending" 0 0 0
"ashamed" 0 0 0
"assyria" 0 0.25706940874036 0
"avenged" 0 0 0
"away" 0.213219616204691 0 0.147492625368732
"bdellium" 0 0 0
"bear" 0 0 0
"become" 0 0 0
"beer-sheba" 0 0 0
"began" 0 0.51413881748072 0
"beguiled" 0 0 0
"belly" 0 0 0
"bird" 0 0 0
"birds" 0 0 0
"bone" 0 0 0
"bones" 0 0 0
"book" 0 0 0
"bowshot" 0 0 0
"brass" 0 0 0
"breath" 0 0 0
"breathed" 0 0 0
"bruising" 0 0 0
"builded" 0 0.25706940874036 0
"can" 0 0 0
"certain" 0 0 0
"cherubim" 0 0 0
"circumcised" 0 0 0
"cleave" 0 0 0
"closed" 0 0 0
"clothed" 0 0 0
"coats" 0 0 0
"cometh" 0 0 0
"comfort" 0 0 0
"conception" 0 0 0
"cool" 0 0 0
"coucheth" 0 0 0
"creature" 0 0 0
"crieth" 0 0 0
"cush" 0 0.25706940874036 0
"cutting" 0 0 0
"death" 0 0 0
"deep" 0 0 0
"delight" 0 0 0
"departed" 0 0 0
"descending" 0 0 0
"desired" 0 0 0
"do" 0.213219616204691 0 0.589970501474926
"door" 0 0 0
"doth" 0 0 0
"dreadful" 0 0 0
"dreamed" 0 0 0
"dress" 0 0 0
"drink" 0 0 0
"driven" 0 0 0.147492625368732
"drove" 0 0 0
"dwell" 0 0.25706940874036 0.147492625368732
"dwelt" 0 0 0
"eastward" 0 0 0.147492625368732
"eatest" 0 0 0
"egyptian" 0.213219616204691 0 0
"enmity" 0 0 0
"euphrates" 0 0 0
"even" 0 0 0
"ever-" 0 0 0
"fall" 0 0 0
"fallen" 0 0 0.147492625368732
"fat" 0 0 0
"fear" 0 0 0
"feast" 0 0 0
"fell" 0 0 0
"female" 0 0 0
"fifteen" 0 0 0
"fig-leaves" 0 0 0
"filled" 0 0 0
"findeth" 0 0 0
"finding" 0 0 0
"first" 0 0 0
"firstlings" 0 0 0
"flame" 0 0 0
"flock" 0 0 0
"forger" 0 0 0
"forty" 0 0 0.147492625368732
"found" 0 0 0.147492625368732
"four" 0 0 0
"fourth" 0 0 0
"freely" 0 0 0
"front" 0 0 0
"gate" 0 0 0
"gavest" 0 0 0
"gihon" 0 0 0
"goeth" 0 0 0
"gotten" 0 0 0
"greater" 0 0 0
"greatly" 0 0 0
"grew" 0.213219616204691 0 0
"grow" 0 0 0
"hallowed" 0 0 0
"ham" 0 0.77120822622108 0
"handle" 0 0 0
"hands" 0 0 0
"harp" 0 0 0
"havilah" 0 0 0
"heads" 0 0 0
"hear" 0 0 0
"heareth" 0 0 0
"hearkened" 0 0 0
"heel" 0 0 0
"heir" 0 0 0
"henceforth" 0 0 0
"hiddekel" 0 0 0
"hold" 0 0 0
"host" 0 0 0
"how" 0 0 0
"image" 0 0 0
"instrument" 0 0 0
"iron" 0 0 0
"jabal" 0 0 0
"japheth" 0 0.77120822622108 0
"jubal" 0 0 0
"knowing" 0 0 0
"ladder" 0 0 0
"lay" 0 0 0
"leave" 0 0 0.147492625368732
"lift" 0 0 0
"lighted" 0 0 0
"live" 0.213219616204691 0 0
"look" 0 0 0
"male" 0 0 0
"may" 0.213219616204691 0 0
"mayest" 0 0 0
"men" 0 0 0.294985250737463
"mist" 0 0 0
"mocking" 0 0 0
"more" 0 0 0
"mouth" 0 0 0.147492625368732
"multiply" 0 0 0
"myself" 0 0 0
"naamah" 0 0 0
"names" 0 0 0
"neither" 0 0 0
"night" 0 0 0
"nod" 0 0 0
"none" 0 0 0.147492625368732
"nostrils" 0 0 0
"off" 0.213219616204691 0 0
"oil" 0 0 0
"onyx" 0 0 0
"own" 0 0 0
"parted" 0 0 0
"peace" 0 0 0
"pipe" 0 0 0
"pishon" 0 0 0
"placed" 0 0 0
"plant" 0 0 0
"planted" 0 0.25706940874036 0
"pleasant" 0 0 0
"poured" 0 0 0
"process" 0 0 0
"punishment" 0 0 0
"putting" 0 0 0
"raiment" 0 0 0
"rain" 0 0 0
"reached" 0 0 0
"receive" 0 0 0
"rib" 0 0 0
"ribs" 0 0 0
"saith" 0 0 0.147492625368732
"sake" 0 0 0
"second" 0 0 0
"see" 0.213219616204691 0 0.294985250737463
"sewed" 0 0 0
"sheep" 0 0 0.147492625368732
"shem" 0 1.02827763496144 0
"shoulder" 0 0 0
"shouldest" 0 0 0
"shrubs" 0 0 0
"sign" 0 0 0
"sin" 0 0 0.147492625368732
"sister" 0.426439232409382 0 0
"skins" 0 0 0
"slain" 0 0 0
"slay" 0 0 0
"slayeth" 0 0 0
"slept" 0 0 0
"smite" 0 0 0
"soul" 0 0 0
"speech" 0 0 0
"spent" 0 0 0
"sprung" 0 0 0
"stones" 0 0 0
"strength" 0 0 0
"subtle" 0 0 0
"suck" 0 0 0
"sun" 0 0 0
"sweat" 0 0 0
"sword" 0 0 0
"take" 0.213219616204691 0 0
"tarried" 0 0 0
"ten" 0 0 0
"tenth" 0 0 0
"tents" 0 0.25706940874036 0
"their" 0 1.02827763496144 0.147492625368732
"thence" 0 0 0
"these" 0 0.51413881748072 0
"thing" 0.213219616204691 0 0.147492625368732
"third" 0 0 0
"thistles" 0 0 0
"thorns" 0 0 0
"tiller" 0 0 0
"tillest" 0 0 0
"together" 0 0 0
"touch" 0 0 0
"truly" 0 0 0
"turned" 0 0 0
"twelve" 0 0 0
"vengeance" 0 0 0
"visited" 0 0 0
"vow" 0 0 0
"vowed" 0 0 0
"walking" 0 0 0
"wandered" 0 0 0
"watered" 0 0 0
"we" 0 0 0.884955752212389
"wept" 0.213219616204691 0 0
"whatsoever" 0 0 0
"whence" 0 0.25706940874036 0
"wherefore" 0 0.25706940874036 0.147492625368732
"whereof" 0 0 0
"wilderness" 0 0 0.294985250737463
"wise" 0 0 0
"wounding" 0 0 0
"yea" 0 0 0
"yield" 0 0 0
"young" 0 0 0
"your" 0 0 1.03244837758112
